0 0 0 0 0 0 0 0 0 0 0 0 0 0 0 0 0 0 0 0 0 0 0 0 0 0 0 0 0 0 0 0 0 0 0 0 0 0 0 0 0 0 0 0 0 0 0 0 0 0 0 0 0 0 0 0 0 0 0 0 0 0 0 0 0 0 0 0 0 0 0 0 0 0 0 0 0 0 0 0 0 0 0 0 0 0 0 0 0 0 0 0 0 0 0 0 0 0 0 0 0 0 0 0 0 0 0 0 0 0 0 0 0 0 0 0 0 0 0 0 0 
0 0.091382 0.182764 0.274146 0.365527 0.456906 0.548279 0.639644 0.730995 0.822325 0.913626 1.00488 1.09609 1.18722 1.27826 1.36919 1.45998 1.5506 1.64102 1.7312 1.82109 1.91066 1.99984 2.08859 2.17685 2.26454 2.3516 2.43795 2.52351 2.6082 2.69192 2.77457 2.85607 2.93629 3.01513 3.09247 3.16821 3.24221 3.31434 3.3845 3.45254 3.51833 3.58175 3.64266 3.70093 3.75644 3.80906 3.85866 3.90512 3.94834 3.98819 4.02458 4.05742 4.08661 4.11207 4.13374 4.15155 4.16546 4.17542 4.18141 4.18341 4.18141 4.17542 4.16546 4.15155 4.13374 4.11207 4.08661 4.05742 4.02459 3.98819 3.94834 3.90513 3.85866 3.80906 3.75645 3.70094 3.64267 3.58176 3.51834 3.45255 3.38451 3.31436 3.24222 3.16822 3.09248 3.01514 2.9363 2.85608 2.77458 2.69193 2.60821 2.52352 2.43796 2.35161 2.26455 2.17686 2.0886 1.99985 1.91066 1.8211 1.7312 1.64102 1.55061 1.45999 1.3692 1.27827 1.18723 1.09609 1.00489 0.91363 0.822329 0.730999 0.639648 0.548282 0.456908 0.365529 0.274148 0.182765 0.0913827 0 
0 0.182764 0.365529 0.548293 0.731057 0.913816 1.09657 1.2793 1.46201 1.64468 1.82729 2.00983 2.19225 2.37454 2.55664 2.73853 2.92013 3.10141 3.28228 3.46267 3.64251 3.82169 4.00012 4.17768 4.35426 4.52971 4.70391 4.87669 5.0479 5.21737 5.3849 5.55031 5.7134 5.87395 6.03175 6.18656 6.33815 6.48627 6.63068 6.77111 6.90732 7.03904 7.16601 7.28796 7.40464 7.51578 7.62113 7.72045 7.81349 7.90003 7.97984 8.05272 8.11848 8.17694 8.22794 8.27134 8.30701 8.33487 8.35482 8.36681 8.37082 8.36681 8.35482 8.33487 8.30701 8.27134 8.22794 8.17694 8.11849 8.05273 7.97985 7.90004 7.8135 7.72046 7.62114 7.51579 7.40465 7.28798 7.16602 7.03906 6.90734 6.77113 6.6307 6.48629 6.33817 6.18658 6.03177 5.87398 5.71342 5.55033 5.38492 5.21739 5.04792 4.87671 4.70393 4.52973 4.35427 4.1777 4.00013 3.82171 3.64252 3.46269 3.28229 3.10142 2.92014 2.73853 2.55665 2.37454 2.19226 2.00983 1.8273 1.64469 1.46202 1.27931 1.09657 0.913822 0.731061 0.548297 0.365531 0.182765 0 
0 0.274146 0.548293 0.822442 1.09659 1.37074 1.64487 1.91899 2.19307 2.4671 2.74104 3.01487 3.28855 3.56203 3.83524 4.10813 4.38062 4.65261 4.92402 5.19471 5.46458 5.73348 6.00126 6.26776 6.53278 6.79615 7.05763 7.31701 7.57404 7.82846 8.08 8.32838 8.57327 8.81438 9.05136 9.28387 9.51155 9.73405 9.95098 10.162 10.3666 10.5645 10.7553 10.9385 11.1139 11.2809 11.4392 11.5885 11.7284 11.8585 11.9784 12.088 12.1868 12.2747 12.3514 12.4167 12.4703 12.5122 12.5422 12.5602 12.5662 12.5602 12.5422 12.5122 12.4703 12.4167 12.3514 12.2747 12.1869 12.088 11.9784 11.8585 11.7284 11.5885 11.4393 11.2809 11.1139 10.9386 10.7553 10.5645 10.3666 10.162 9.95101 9.73408 9.51159 9.2839 9.05139 8.81441 8.5733 8.32841 8.08003 7.82849 7.57407 7.31704 7.05766 6.79617 6.53281 6.26778 6.00128 5.7335 5.4646 5.19473 4.92403 4.65263 4.38063 4.10814 3.83525 3.56204 3.28856 3.01488 2.74105 2.46711 2.19308 1.919 1.64488 1.37074 1.0966 0.822447 0.548297 0.274148 0 
0 0.365527 0.731057 1.09659 1.46213 1.82767 2.1932 2.55871 2.92418 3.28959 3.6549 4.02008 4.38506 4.74978 5.11417 5.47815 5.8416 6.20441 6.56646 6.92758 7.28762 7.64639 8.00369 8.3593 8.71298 9.06446 9.41345 9.75967 10.1028 10.4424 10.7783 11.1099 11.4369 11.7589 12.0754 12.386 12.6902 12.9874 13.2772 13.5591 13.8326 14.0971 14.3521 14.597 14.8314 15.0547 15.2664 15.466 15.653 15.827 15.9874 16.134 16.2662 16.3837 16.4863 16.5736 16.6453 16.7014 16.7415 16.7656 16.7737 16.7656 16.7415 16.7014 16.6453 16.5736 16.4863 16.3837 16.2662 16.134 15.9874 15.827 15.653 15.466 15.2664 15.0547 14.8314 14.5971 14.3521 14.0971 13.8326 13.5592 13.2773 12.9874 12.6902 12.386 12.0755 11.759 11.437 11.11 10.7783 10.4425 10.1028 9.75971 9.41349 9.06449 8.71301 8.35933 8.00372 7.64642 7.28764 6.9276 6.56647 6.20443 5.84161 5.47816 5.11419 4.74979 4.38507 4.02009 3.65492 3.2896 2.92419 2.55872 2.19321 1.82768 1.46214 1.0966 0.731061 0.365529 0 
0 0.456906 0.913816 1.37074 1.82767 2.28461 2.74154 3.19847 3.65536 4.11219 4.56891 5.02547 5.48181 5.93786 6.39352 6.84868 7.30321 7.75698 8.20981 8.66153 9.11193 9.56077 10.0078 10.4528 10.8954 11.3352 11.7721 12.2054 12.635 13.0602 13.4808 13.8961 14.3056 14.709 15.1055 15.4946 15.8757 16.2482 16.6114 16.9648 17.3076 17.6392 17.9589 18.2661 18.56 18.8401 19.1057 19.3561 19.5907 19.809 20.0103 20.1942 20.3602 20.5077 20.6365 20.746 20.8361 20.9064 20.9568 20.9871 20.9972 20.9871 20.9568 20.9064 20.8361 20.746 20.6365 20.5077 20.3602 20.1943 20.0104 19.809 19.5908 19.3561 19.1057 18.8402 18.5601 18.2661 17.959 17.6392 17.3076 16.9648 16.6115 16.2482 15.8757 15.4946 15.1055 14.709 14.3057 13.8961 13.4808 13.0603 12.635 12.2055 11.7721 11.3353 10.8954 10.4528 10.0079 9.56081 9.11196 8.66156 8.20984 7.757 7.30323 6.8487 6.39354 5.93788 5.48183 5.02548 4.56892 4.1122 3.65537 3.19848 2.74156 2.28462 1.82768 1.37074 0.913822 0.456908 0 
0 0.548279 1.09657 1.64487 2.1932 2.74154 3.2899 3.83826 4.3866 4.93488 5.48306 6.03109 6.57887 7.12633 7.67336 8.21983 8.7656 9.31048 9.85429 10.3968 10.9378 11.477 12.014 12.5486 13.0805 13.6091 14.1341 14.6551 15.1714 15.6828 16.1885 16.6879 17.1806 17.6658 18.1429 18.6111 19.0698 19.5182 19.9555 20.3809 20.7938 21.1932 21.5783 21.9484 22.3026 22.6401 22.9601 23.262 23.5448 23.8079 24.0507 24.2725 24.4726 24.6505 24.8058 24.938 25.0466 25.1315 25.1922 25.2288 25.241 25.2288 25.1922 25.1315 25.0466 24.938 24.8058 24.6506 24.4726 24.2725 24.0507 23.808 23.5448 23.262 22.9602 22.6401 22.3026 21.9484 21.5783 21.1932 20.7938 20.381 19.9555 19.5182 19.0698 18.6112 18.1429 17.6659 17.1807 16.688 16.1885 15.6828 15.1715 14.6551 14.1342 13.6091 13.0805 12.5487 12.0141 11.477 10.9378 10.3968 9.85432 9.3105 8.76562 8.21986 7.67338 7.12635 6.57889 6.0311 5.48308 4.9349 4.38662 3.83828 3.28992 2.74156 2.19321 1.64488 1.09657 0.548282 0 
0 0.639644 1.2793 1.91899 2.55871 3.19847 3.83826 4.47808 5.1179 5.75768 6.39738 7.03693 7.67625 8.31524 8.95377 9.5917 10.2289 10.865 11.5001 12.1336 12.7655 13.3953 14.0227 14.6473 15.2688 15.8866 16.5002 17.1092 17.713 18.3109 18.9024 19.4866 20.063 20.6308 21.1891 21.7372 22.2742 22.7992 23.3114 23.8098 24.2934 24.7614 25.2127 25.6465 26.0617 26.4575 26.8328 27.1868 27.5186 27.8273 28.1121 28.3723 28.6072 28.816 28.9983 29.1534 29.281 29.3806 29.4519 29.4948 29.5091 29.4948 29.4519 29.3806 29.281 29.1534 28.9983 28.816 28.6072 28.3723 28.1121 27.8273 27.5186 27.1868 26.8328 26.4575 26.0618 25.6466 25.2128 24.7615 24.2935 23.8098 23.3115 22.7993 22.2743 21.7373 21.1892 20.6309 20.0631 19.4867 18.9024 18.311 17.7131 17.1093 16.5003 15.8866 15.2688 14.6474 14.0227 13.3953 12.7655 12.1337 11.5001 10.8651 10.2289 9.59172 8.95379 8.31526 7.67627 7.03695 6.3974 5.7577 5.11792 4.4781 3.83828 3.19848 2.55872 1.919 1.27931 0.639648 0 
0 0.730995 1.46201 2.19307 2.92418 3.65536 4.3866 5.1179 5.84923 6.58057 7.31185 8.04301 8.77397 9.5046 10.2348 10.9643 11.6931 12.4208 13.1473 13.8721 14.5952 15.3159 16.0341 16.7491 17.4607 18.1682 18.871 19.5686 20.2604 20.9456 21.6234 22.2932 22.9541 23.6052 24.2456 24.8744 25.4906 26.0932 26.6811 27.2533 27.8087 28.3462 28.8648 29.3632 29.8404 30.2953 30.7268 31.1338 31.5154 31.8705 32.1982 32.4975 32.7678 33.0081 33.2179 33.3964 33.5432 33.6579 33.74 33.7894 33.8059 33.7894 33.74 33.6579 33.5432 33.3964 33.2179 33.0081 32.7678 32.4976 32.1982 31.8705 31.5154 31.1339 30.7268 30.2953 29.8405 29.3633 28.8648 28.3463 27.8088 27.2534 26.6812 26.0932 25.4907 24.8745 24.2457 23.6053 22.9542 22.2933 21.6235 20.9456 20.2605 19.5687 18.8711 18.1682 17.4607 16.7492 16.0341 15.316 14.5952 13.8722 13.1473 12.4208 11.6931 10.9644 10.2348 9.50462 8.77399 8.04303 7.31187 6.58058 5.84925 5.11792 4.38662 3.65537 2.92419 2.19308 1.46202 0.730999 0 
0 0.822325 1.64468 2.4671 3.28959 4.11219 4.93488 5.75768 6.58057 7.4035 8.22644 9.0493 9.872 10.6944 11.5164 12.3378 13.1583 13.9778 14.796 15.6126 16.4271 17.2392 18.0486 18.8545 19.6567 20.4544 21.247 22.0339 22.8143 23.5875 24.3526 25.1087 25.8549 26.5903 27.3137 28.0242 28.7206 29.4018 30.0665 30.7136 31.3419 31.9501 32.5369 33.1011 33.6414 34.1565 34.6452 35.1064 35.5387 35.9411 36.3125 36.6519 36.9583 37.2308 37.4686 37.6711 37.8377 37.9677 38.0609 38.1169 38.1356 38.1169 38.0609 37.9677 37.8377 37.6712 37.4687 37.2308 36.9583 36.6519 36.3125 35.9411 35.5387 35.1064 34.6453 34.1566 33.6414 33.1012 32.537 31.9502 31.342 30.7137 30.0666 29.4018 28.7207 28.0243 27.3138 26.5904 25.855 25.1088 24.3527 23.5876 22.8144 22.034 21.2471 20.4545 19.6568 18.8546 18.0486 17.2393 16.4272 15.6126 14.7961 13.9779 13.1584 12.3378 11.5164 10.6944 9.87202 9.04932 8.22646 7.40352 6.58058 5.7577 4.9349 4.1122 3.2896 2.46711 1.64469 0.822329 0 
0 0.913626 1.82729 2.74104 3.6549 4.56891 5.48306 6.39738 7.31185 8.22644 9.1411 10.0558 10.9703 11.8847 12.7986 13.712 14.6246 15.5362 16.4464 17.355 18.2614 19.1654 20.0664 20.9638 21.8571 22.7457 23.6288 24.5057 25.3756 26.2375 27.0907 27.9341 28.7667 29.5873 30.3948 31.1881 31.9658 32.7267 33.4695 34.1928 34.8952 35.5753 36.2317 36.8629 37.4675 38.0441 38.5913 39.1077 39.5919 40.0427 40.4589 40.8392 41.1826 41.4881 41.7548 41.9818 42.1686 42.3144 42.419 42.4818 42.5028 42.4818 42.419 42.3145 42.1686 41.9819 41.7548 41.4881 41.1826 40.8392 40.4589 40.0428 39.592 39.1077 38.5914 38.0442 37.4676 36.863 36.2318 35.5754 34.8953 34.1929 33.4696 32.7268 31.9659 31.1882 30.3949 29.5874 28.7668 27.9342 27.0908 26.2376 25.3756 24.5058 23.6289 22.7458 21.8572 20.9639 20.0664 19.1655 18.2615 17.355 16.4465 15.5363 14.6247 13.7121 12.7987 11.8847 10.9703 10.0558 9.14112 8.22646 7.31187 6.3974 5.48308 4.56892 3.65491 2.74105 1.8273 0.91363 0 
0 1.00488 2.00983 3.01487 4.02008 5.02547 6.03109 7.03693 8.04301 9.0493 10.0558 11.0623 12.0689 13.0753 14.0814 15.0871 16.092 17.0959 18.0985 19.0995 20.0983 21.0945 22.0877 23.0771 24.0623 25.0424 26.0167 26.9844 27.9447 28.8964 29.8387 30.7703 31.6903 32.5974 33.4902 34.3675 35.2279 36.0699 36.8921 37.6929 38.4708 39.2243 39.9516 40.6513 41.3217 41.9612 42.5682 43.1411 43.6786 44.179 44.6411 45.0634 45.4449 45.7843 46.0806 46.3329 46.5404 46.7025 46.8187 46.8885 46.9118 46.8885 46.8187 46.7025 46.5404 46.3329 46.0806 45.7843 45.4449 45.0635 44.6411 44.179 43.6786 43.1412 42.5682 41.9612 41.3218 40.6514 39.9517 39.2244 38.4709 37.693 36.8922 36.07 35.228 34.3676 33.4903 32.5975 31.6904 30.7704 29.8388 28.8965 27.9448 26.9845 26.0168 25.0425 24.0624 23.0772 22.0878 21.0946 20.0984 19.0995 18.0986 17.096 16.092 15.0871 14.0814 13.0753 12.0689 11.0623 10.0558 9.04932 8.04303 7.03695 6.0311 5.02548 4.02009 3.01488 2.00983 1.00489 0 
0 1.09609 2.19225 3.28855 4.38506 5.48181 6.57887 7.67625 8.77397 9.872 10.9703 12.0689 13.1675 14.2662 15.3647 16.4628 17.5603 18.6569 19.7523 20.8461 21.9377 23.0268 24.1127 25.1948 26.2725 27.3449 28.4113 29.4707 30.5222 31.5647 32.5972 33.6183 34.6269 35.6216 36.6011 37.5638 38.5083 39.4329 40.336 41.2159 42.0709 42.8993 43.6993 44.469 45.2067 45.9107 46.579 47.2101 47.8022 48.3537 48.863 49.3286 49.7492 50.1235 50.4503 50.7287 50.9576 51.1365 51.2647 51.3418 51.3675 51.3418 51.2647 51.1365 50.9577 50.7287 50.4503 50.1235 49.7492 49.3286 48.863 48.3537 47.8022 47.2102 46.5791 45.9107 45.2068 44.4691 43.6994 42.8994 42.071 41.216 40.3361 39.433 38.5084 37.5639 36.6012 35.6217 34.627 33.6184 32.5973 31.5648 30.5223 29.4708 28.4114 27.345 26.2726 25.1949 24.1128 23.0269 21.9378 20.8461 19.7524 18.657 17.5604 16.4629 15.3647 14.2662 13.1676 12.0689 10.9703 9.87202 8.77399 7.67627 6.57889 5.48183 4.38507 3.28856 2.19226 1.09609 0 
0 1.18722 2.37454 3.56203 4.74978 5.93786 7.12633 8.31524 9.5046 10.6944 11.8847 13.0753 14.2662 15.4572 16.6483 17.8392 19.0296 20.2192 21.4077 22.5947 23.7797 24.9622 26.1415 27.317 28.4879 29.6535 30.8128 31.9649 33.1088 34.2432 35.3669 36.4788 37.5774 38.6612 39.7287 40.7784 41.8085 42.8173 43.803 44.7638 45.6977 46.6028 47.4771 48.3187 49.1256 49.8958 50.6272 51.3181 51.9665 52.5705 53.1285 53.6388 54.0998 54.5102 54.8686 55.1738 55.425 55.6212 55.7618 55.8464 55.8746 55.8464 55.7618 55.6212 55.425 55.1739 54.8686 54.5102 54.0999 53.6388 53.1286 52.5706 51.9665 51.3181 50.6273 49.8958 49.1257 48.3188 47.4772 46.6029 45.6978 44.7639 43.8031 42.8174 41.8086 40.7785 39.7288 38.6613 37.5775 36.4789 35.3671 34.2433 33.1089 31.9651 30.813 29.6536 28.488 27.3171 26.1416 24.9623 23.7798 22.5948 21.4078 20.2193 19.0296 17.8392 16.6484 15.4573 14.2662 13.0753 11.8847 10.6944 9.50462 8.31526 7.12635 5.93788 4.74979 3.56204 2.37454 1.18723 0 
0 1.27826 2.55664 3.83524 5.11417 6.39352 7.67336 8.95377 10.2348 11.5164 12.7986 14.0814 15.3647 16.6483 17.9322 19.216 20.4996 21.7826 23.0647 24.3454 25.6243 26.9007 28.1741 29.4437 30.7087 31.9684 33.2216 34.4674 35.7047 36.9322 38.1486 39.3526 40.5426 41.717 42.8743 44.0125 45.13 46.2249 47.295 48.3385 49.3532 50.337 51.2877 52.2032 53.0812 53.9195 54.716 55.4686 56.175 56.8334 57.4418 57.9983 58.5011 58.9489 59.3399 59.6731 59.9473 60.1615 60.315 60.4073 60.4382 60.4073 60.315 60.1615 59.9473 59.6731 59.34 58.9489 58.5012 57.9983 57.4418 56.8335 56.1751 55.4686 54.7161 53.9196 53.0813 52.2033 51.2878 50.3371 49.3533 48.3386 47.2951 46.225 45.1302 44.0127 42.8744 41.7171 40.5427 39.3527 38.1488 36.9323 35.7048 34.4676 33.2217 31.9685 30.7089 29.4438 28.1742 26.9008 25.6244 24.3455 23.0648 21.7827 20.4997 19.2161 17.9322 16.6484 15.3647 14.0814 12.7987 11.5164 10.2348 8.95379 7.67338 6.39354 5.11419 3.83525 2.55665 1.27827 0 
0 1.36919 2.73853 4.10813 5.47815 6.84868 8.21983 9.5917 10.9643 12.3378 13.712 15.0871 16.4628 17.8392 19.216 20.5931 21.9702 23.3469 24.723 26.0979 27.4712 28.8423 30.2104 31.575 32.935 34.2896 35.6378 36.9785 38.3104 39.6323 40.9428 42.2403 43.5233 44.79 46.0387 47.2675 48.4743 49.6571 50.8137 51.942 53.0397 54.1043 55.1336 56.1251 57.0764 57.9851 58.8488 59.6651 60.4317 61.1463 61.8069 62.4113 62.9576 63.4442 63.8692 64.2314 64.5295 64.7624 64.9294 65.0298 65.0633 65.0298 64.9294 64.7624 64.5295 64.2314 63.8693 63.4442 62.9577 62.4113 61.8069 61.1464 60.4317 59.6651 58.8489 57.9852 57.0765 56.1252 55.1337 54.1044 53.0398 51.9421 50.8139 49.6572 48.4744 47.2676 46.0389 44.7902 43.5234 42.2405 40.9429 39.6325 38.3106 36.9786 35.6379 34.2897 32.9351 31.5751 30.2106 28.8424 27.4713 26.098 24.7231 23.347 21.9702 20.5932 19.2161 17.8392 16.4629 15.0871 13.7121 12.3378 10.9644 9.59172 8.21986 6.8487 5.47816 4.10814 2.73853 1.3692 0 
0 1.45998 2.92013 4.38062 5.8416 7.30321 8.7656 10.2289 11.6931 13.1583 14.6246 16.092 17.5603 19.0296 20.4996 21.9702 23.441 24.9119 26.3825 27.8521 29.3204 30.7868 32.2505 33.7107 35.1666 36.6173 38.0615 39.4983 40.9262 42.3439 43.7499 45.1426 46.5203 47.8811 49.2232 50.5443 51.8425 53.1155 54.3608 55.5762 56.7591 57.907 59.0172 60.0872 61.1143 62.0957 63.0289 63.9113 64.7403 65.5134 66.2282 66.8824 67.474 68.0009 68.4614 68.8538 69.1769 69.4293 69.6103 69.7192 69.7555 69.7192 69.6103 69.4294 69.1769 68.8539 68.4614 68.0009 67.474 66.8824 66.2282 65.5134 64.7403 63.9114 63.029 62.0958 61.1143 60.0873 59.0173 57.9071 56.7592 55.5763 54.3609 53.1156 51.8426 50.5445 49.2233 47.8813 46.5205 45.1428 43.7501 42.344 40.9263 39.4984 38.0617 36.6174 35.1668 33.7108 32.2506 30.7869 29.3206 27.8522 26.3826 24.912 23.4411 21.9702 20.4997 19.0296 17.5604 16.092 14.6247 13.1584 11.6931 10.2289 8.76562 7.30323 5.84161 4.38063 2.92014 1.45999 0 
0 1.5506 3.10141 4.65261 6.20441 7.75698 9.31048 10.865 12.4208 13.9778 15.5362 17.0959 18.6569 20.2192 21.7826 23.3469 24.9119 26.4773 28.0427 29.6077 31.1716 32.7339 34.2939 35.8508 37.4036 38.9513 40.4928 42.0269 43.5521 45.0672 46.5704 48.06 49.5342 50.991 52.4284 53.8442 55.236 56.6014 57.9379 59.2429 60.5136 61.7473 62.9412 64.0923 65.1977 66.2546 67.2599 68.2109 69.1048 69.9387 70.71 71.4162 72.055 72.6241 73.1216 73.5457 73.8948 74.1677 74.3634 74.4811 74.5204 74.4811 74.3634 74.1677 73.8948 73.5457 73.1216 72.6241 72.055 71.4162 70.71 69.9387 69.1048 68.211 67.26 66.2546 65.1978 64.0923 62.9412 61.7474 60.5137 59.243 57.938 56.6015 55.2361 53.8443 52.4286 50.9912 49.5343 48.0601 46.5705 45.0673 43.5523 42.027 40.4929 38.9514 37.4037 35.8509 34.2941 32.7341 31.1717 29.6078 28.0428 26.4774 24.912 23.347 21.7827 20.2193 18.657 17.096 15.5363 13.9779 12.4208 10.8651 9.3105 7.757 6.20443 4.65263 3.10142 1.55061 0 
0 1.64102 3.28228 4.92402 6.56646 8.20981 9.85429 11.5001 13.1473 14.796 16.4464 18.0985 19.7523 21.4077 23.0647 24.723 26.3825 28.0427 29.7035 31.3642 33.0244 34.6834 36.3405 37.9949 39.6456 41.2915 42.9315 44.5642 46.1884 47.8023 49.4044 50.9927 52.5654 54.1204 55.6553 57.168 58.6558 60.1162 61.5465 62.9438 64.3051 65.6275 66.9078 68.143 69.3297 70.4649 71.5453 72.5678 73.5292 74.4265 75.2569 76.0174 76.7056 77.3189 77.8552 78.3125 78.689 78.9834 79.1944 79.3214 79.3638 79.3214 79.1945 78.9834 78.689 78.3125 77.8552 77.3189 76.7056 76.0175 75.2569 74.4266 73.5292 72.5678 71.5454 70.465 69.3298 68.143 66.9079 65.6276 64.3052 62.9439 61.5466 60.1164 58.656 57.1681 55.6555 54.1205 52.5655 50.9928 49.4045 47.8024 46.1885 44.5644 42.9316 41.2916 39.6457 37.995 36.3407 34.6836 33.0245 31.3643 29.7036 28.0428 26.3826 24.7231 23.0648 21.4078 19.7524 18.0986 16.4465 14.7961 13.1473 11.5001 9.85432 8.20984 6.56647 4.92403 3.28229 1.64102 0 
0 1.7312 3.46267 5.19471 6.92758 8.66153 10.3968 12.1336 13.8721 15.6126 17.355 19.0995 20.8461 22.5947 24.3454 26.0979 27.8521 29.6077 31.3642 33.1213 34.8784 36.6348 38.3899 40.1427 41.8923 43.6376 45.3774 47.1103 48.8348 50.5493 52.252 53.9411 55.6144 57.2697 58.9046 60.5166 62.1031 63.6613 65.1881 66.6806 68.1356 69.5497 70.9197 72.242 73.5133 74.73 75.8886 76.9856 78.0177 78.9814 79.8735 80.6911 81.431 82.0908 82.6678 83.16 83.5653 83.8823 84.1096 84.2464 84.292 84.2464 84.1096 83.8823 83.5653 83.16 82.6678 82.0908 81.4311 80.6911 79.8736 78.9814 78.0177 76.9857 75.8887 74.7301 73.5134 72.2421 70.9198 69.5498 68.1357 66.6807 65.1882 63.6614 62.1032 60.5168 58.9047 57.2698 55.6145 53.9412 52.2522 50.5495 48.8349 47.1104 45.3775 43.6378 41.8925 40.1429 38.39 36.635 34.8785 33.1214 31.3643 29.6078 27.8522 26.098 24.3455 22.5948 20.8461 19.0995 17.355 15.6126 13.8722 12.1337 10.3968 8.66156 6.9276 5.19473 3.46269 1.7312 0 
0 1.82109 3.64251 5.46458 7.28762 9.11193 10.9378 12.7655 14.5952 16.4271 18.2614 20.0983 21.9377 23.7797 25.6243 27.4712 29.3204 31.1716 33.0244 34.8784 36.733 38.5876 40.4415 42.2938 44.1434 45.9893 47.8302 49.6647 51.4912 53.3081 55.1134 56.9053 58.6813 60.4393 62.1767 63.8908 65.5788 67.2376 68.8641 70.455 72.0068 73.5161 74.9791 76.3922 77.7515 79.0532 80.2935 81.4685 82.5745 83.6078 84.5649 85.4422 86.2367 86.9453 87.5653 88.0943 88.53 88.8708 89.1153 89.2624 89.3115 89.2624 89.1153 88.8709 88.5301 88.0943 87.5654 86.9454 86.2368 85.4423 84.5649 83.6079 82.5746 81.4686 80.2935 79.0533 77.7516 76.3923 74.9792 73.5162 72.0069 70.4551 68.8642 67.2377 65.5789 63.8909 62.1768 60.4395 58.6815 56.9054 55.1136 53.3082 51.4914 49.6648 47.8303 45.9894 44.1435 42.2939 40.4417 38.5878 36.7332 34.8785 33.0245 31.1717 29.3206 27.4713 25.6244 23.7798 21.9378 20.0984 18.2615 16.4272 14.5952 12.7655 10.9378 9.11196 7.28764 5.4646 3.64252 1.8211 0 
0 1.91066 3.82169 5.73348 7.64639 9.56077 11.477 13.3953 15.3159 17.2392 19.1654 21.0945 23.0268 24.9622 26.9007 28.8423 30.7868 32.7339 34.6834 36.6348 38.5876 40.5412 42.4947 44.4474 46.3982 48.346 50.2894 52.227 54.1573 56.0784 57.9884 59.8852 61.7664 63.6296 65.4721 67.2911 69.0835 70.8462 72.5756 74.2684 75.9207 77.5287 79.0886 80.5961 82.0473 83.4378 84.7636 86.0204 87.204 88.3105 89.3359 90.2763 91.1283 91.8885 92.5539 93.1218 93.5897 93.9558 94.2184 94.3764 94.4292 94.3764 94.2184 93.9558 93.5897 93.1218 92.5539 91.8886 91.1283 90.2764 89.3359 88.3106 87.2041 86.0204 84.7637 83.4379 82.0473 80.5962 79.0886 77.5288 75.9208 74.2685 72.5757 70.8463 69.0837 67.2913 65.4723 63.6297 61.7665 59.8853 57.9885 56.0785 54.1574 52.2272 50.2895 48.3461 46.3984 44.4476 42.4949 40.5413 38.5878 36.635 34.6836 32.7341 30.7869 28.8424 26.9008 24.9623 23.0269 21.0946 19.1655 17.2393 15.316 13.3953 11.477 9.56081 7.64642 5.7335 3.82171 1.91066 0 
0 1.99984 4.00012 6.00126 8.00369 10.0078 12.014 14.0227 16.0341 18.0486 20.0664 22.0877 24.1127 26.1415 28.1741 30.2104 32.2505 34.2939 36.3405 38.3899 40.4415 42.4947 44.5489 46.603 48.6561 50.707 52.7544 54.7968 56.8325 58.8598 60.8766 62.8806 64.8695 66.8406 68.7911 70.718 72.6181 74.488 76.3239 78.1222 79.8788 81.5896 83.2503 84.8565 86.4036 87.8873 89.3027 90.6454 91.9108 93.0943 94.1917 95.1988 96.1117 96.9265 97.64 98.2491 98.7513 99.1441 99.426 99.5957 99.6523 99.5957 99.4261 99.1442 98.7513 98.2492 97.64 96.9265 96.1117 95.1989 94.1918 93.0944 91.9108 90.6455 89.3028 87.8873 86.4037 84.8565 83.2503 81.5897 79.8789 78.1223 76.324 74.4881 72.6182 70.7182 68.7912 66.8407 64.8696 62.8807 60.8767 58.86 56.8327 54.7969 52.7545 50.7071 48.6562 46.6031 44.549 42.4949 40.4417 38.39 36.3407 34.2941 32.2506 30.2106 28.1742 26.1416 24.1128 22.0878 20.0664 18.0486 16.0341 14.0227 12.0141 10.0079 8.00372 6.00128 4.00013 1.99985 0 
0 2.08859 4.17768 6.26776 8.3593 10.4528 12.5486 14.6473 16.7491 18.8545 20.9638 23.0771 25.1948 27.317 29.4437 31.575 33.7107 35.8508 37.9949 40.1427 42.2938 44.4474 46.603 48.7595 50.9161 53.0715 55.2243 57.3732 59.5163 61.6517 63.7775 65.8912 67.9903 70.0721 72.1337 74.1718 76.183 78.1636 80.1099 82.0177 83.8827 85.7005 87.4665 89.1758 90.8236 92.4049 93.9146 95.3477 96.6993 97.9643 99.1379 100.216 101.193 102.066 102.83 103.484 104.022 104.443 104.746 104.928 104.989 104.928 104.746 104.443 104.022 103.484 102.831 102.066 101.193 100.216 99.138 97.9643 96.6993 95.3478 93.9146 92.4049 90.8236 89.1759 87.4665 85.7006 83.8828 82.0178 80.11 78.1637 76.1831 74.1719 72.1338 70.0723 67.9904 65.8913 63.7776 61.6519 59.5164 57.3733 55.2245 53.0716 50.9162 48.7597 46.6031 44.4476 42.2939 40.1429 37.995 35.8509 33.7108 31.5751 29.4438 27.3171 25.1949 23.0772 20.9639 18.8546 16.7492 14.6474 12.5487 10.4528 8.35933 6.26778 4.1777 2.0886 0 
0 2.17685 4.35426 6.53278 8.71298 10.8954 13.0805 15.2688 17.4607 19.6567 21.8571 24.0623 26.2725 28.4879 30.7087 32.935 35.1666 37.4036 39.6456 41.8923 44.1434 46.3982 48.6561 50.9161 53.1773 55.4385 57.6983 59.9553 62.2076 64.4534 66.6904 68.9163 71.1284 73.3239 75.4997 77.6524 79.7783 81.8737 83.9343 85.9559 87.9338 89.8633 91.7393 93.5566 95.31 96.994 98.6031 100.132 101.574 102.926 104.18 105.333 106.379 107.313 108.133 108.832 109.41 109.862 110.186 110.382 110.447 110.382 110.186 109.862 109.41 108.832 108.133 107.313 106.379 105.333 104.18 102.926 101.574 100.132 98.6031 96.9941 95.3101 93.5567 91.7394 89.8634 87.9339 85.956 83.9344 81.8738 79.7784 77.6525 75.4998 73.3241 71.1286 68.9164 66.6906 64.4536 62.2078 59.9555 57.6985 55.4387 53.1774 50.9162 48.6562 46.3984 44.1435 41.8925 39.6457 37.4037 35.1668 32.9351 30.7089 28.488 26.2726 24.0624 21.8572 19.6568 17.4607 15.2688 13.0805 10.8954 8.71301 6.53281 4.35427 2.17686 0 
0 2.26454 4.52971 6.79615 9.06446 11.3352 13.6091 15.8866 18.1682 20.4544 22.7457 25.0424 27.3449 29.6535 31.9684 34.2896 36.6173 38.9513 41.2915 43.6376 45.9893 48.346 50.707 53.0715 55.4385 57.8069 60.1753 62.5421 64.9056 67.2638 69.6145 71.9552 74.2832 76.5955 78.8888 81.1597 83.4043 85.6185 87.7979 89.9378 92.0335 94.0796 96.0708 98.0015 99.8659 101.658 103.372 105.002 106.541 107.984 109.324 110.557 111.676 112.676 113.554 114.304 114.923 115.407 115.755 115.965 116.035 115.965 115.755 115.407 114.923 114.304 113.554 112.676 111.676 110.557 109.324 107.984 106.541 105.002 103.372 101.658 99.8659 98.0015 96.0709 94.0797 92.0335 89.9379 87.798 85.6186 83.4044 81.1598 78.889 76.5956 74.2833 71.9553 69.6146 67.264 64.9057 62.5422 60.1754 57.807 55.4387 53.0716 50.7071 48.3461 45.9894 43.6378 41.2916 38.9514 36.6174 34.2897 31.9685 29.6536 27.345 25.0425 22.7458 20.4545 18.1682 15.8866 13.6091 11.3353 9.06449 6.79617 4.52973 2.26455 0 
0 2.3516 4.70391 7.05763 9.41345 11.7721 14.1341 16.5002 18.871 21.247 23.6288 26.0167 28.4113 30.8128 33.2216 35.6378 38.0615 40.4928 42.9315 45.3774 47.8302 50.2894 52.7544 55.2243 57.6983 60.1753 62.6537 65.1322 67.6088 70.0817 72.5486 75.0068 77.4536 79.886 82.3005 84.6933 87.0606 89.398 91.7008 93.9641 96.1826 98.3508 100.463 102.513 104.494 106.4 108.225 109.962 111.604 113.144 114.576 115.894 117.091 118.162 119.102 119.906 120.57 121.09 121.463 121.688 121.763 121.688 121.463 121.09 120.57 119.906 119.102 118.162 117.091 115.894 114.576 113.144 111.604 109.962 108.225 106.4 104.494 102.513 100.463 98.3508 96.1827 93.9642 91.7009 89.3981 87.0607 84.6935 82.3006 79.8861 77.4538 75.0069 72.5487 70.0819 67.609 65.1323 62.6539 60.1754 57.6985 55.2245 52.7545 50.2895 47.8303 45.3775 42.9316 40.4929 38.0617 35.6379 33.2217 30.813 28.4114 26.0168 23.6289 21.2471 18.8711 16.5003 14.1342 11.7721 9.41349 7.05766 4.70393 2.35161 0 
0 2.43795 4.87669 7.31701 9.75967 12.2054 14.6551 17.1092 19.5686 22.0339 24.5057 26.9844 29.4707 31.9649 34.4674 36.9785 39.4983 42.0269 44.5642 47.1103 49.6647 52.227 54.7968 57.3732 59.9553 62.5421 65.1322 67.724 70.3159 72.9057 75.4912 78.0698 80.6386 83.1944 85.7337 88.2526 90.7469 93.2121 95.6433 98.0351 100.382 102.678 104.917 107.092 109.197 111.224 113.167 115.017 116.768 118.412 119.942 121.351 122.632 123.779 124.786 125.648 126.36 126.917 127.318 127.559 127.64 127.559 127.318 126.917 126.36 125.648 124.786 123.779 122.632 121.351 119.942 118.412 116.768 115.017 113.167 111.224 109.197 107.092 104.917 102.678 100.382 98.0352 95.6434 93.2122 90.747 88.2527 85.7338 83.1945 80.6387 78.0699 75.4914 72.9059 70.316 67.7242 65.1323 62.5422 59.9555 57.3733 54.7969 52.2272 49.6648 47.1104 44.5644 42.027 39.4984 36.9786 34.4676 31.9651 29.4708 26.9845 24.5058 22.034 19.5687 17.1093 14.6551 12.2055 9.75971 7.31704 4.87671 2.43796 0 
0 2.52351 5.0479 7.57404 10.1028 12.635 15.1714 17.713 20.2604 22.8143 25.3756 27.9447 30.5222 33.1088 35.7047 38.3104 40.9262 43.5521 46.1884 48.8348 51.4912 54.1573 56.8325 59.5163 62.2076 64.9056 67.6088 70.3159 73.025 75.734 78.4408 81.1426 83.8365 86.5193 89.1873 91.8364 94.4623 97.0603 99.625 102.151 104.632 107.062 109.435 111.742 113.977 116.133 118.2 120.171 122.038 123.794 125.428 126.935 128.307 129.535 130.615 131.539 132.302 132.901 133.331 133.59 133.677 133.59 133.331 132.901 132.302 131.539 130.615 129.535 128.307 126.935 125.429 123.794 122.038 120.171 118.2 116.133 113.977 111.742 109.435 107.063 104.632 102.151 99.6251 97.0604 94.4624 91.8365 89.1874 86.5194 83.8367 81.1427 78.4409 75.7342 73.0251 70.316 67.609 64.9057 62.2078 59.5164 56.8327 54.1574 51.4914 48.8349 46.1885 43.5523 40.9263 38.3106 35.7048 33.1089 30.5223 27.9448 25.3756 22.8144 20.2605 17.7131 15.1715 12.635 10.1028 7.57407 5.04792 2.52352 0 
0 2.6082 5.21737 7.82846 10.4424 13.0602 15.6828 18.3109 20.9456 23.5875 26.2375 28.8964 31.5647 34.2432 36.9322 39.6323 42.3439 45.0672 47.8023 50.5493 53.3081 56.0784 58.8598 61.6517 64.4534 67.2638 70.0817 72.9057 75.734 78.5647 81.3953 84.2233 87.0457 89.859 92.6597 95.4434 98.2057 100.942 103.646 106.312 108.934 111.505 114.018 116.465 118.838 121.129 123.329 125.429 127.421 129.295 131.042 132.654 134.122 135.438 136.595 137.586 138.406 139.049 139.51 139.789 139.882 139.789 139.51 139.049 138.406 137.586 136.595 135.438 134.122 132.654 131.042 129.295 127.421 125.429 123.329 121.129 118.838 116.465 114.018 111.505 108.934 106.312 103.646 100.942 98.2058 95.4435 92.6598 89.8591 87.0458 84.2234 81.3954 78.5648 75.7342 72.9059 70.0819 67.264 64.4535 61.6519 58.86 56.0785 53.3082 50.5495 47.8024 45.0673 42.344 39.6325 36.9323 34.2433 31.5648 28.8965 26.2376 23.5876 20.9456 18.311 15.6828 13.0603 10.4425 7.82849 5.21739 2.60821 0 
0 2.69192 5.3849 8.08 10.7783 13.4808 16.1885 18.9024 21.6234 24.3526 27.0907 29.8387 32.5972 35.3669 38.1486 40.9428 43.7499 46.5704 49.4044 52.252 55.1134 57.9884 60.8766 63.7775 66.6904 69.6145 72.5486 75.4912 78.4408 81.3953 84.3525 87.3096 90.2638 93.2115 96.1489 99.0719 101.976 104.855 107.704 110.516 113.286 116.005 118.666 121.26 123.78 126.215 128.556 130.794 132.919 134.92 136.788 138.512 140.085 141.495 142.736 143.799 144.679 145.369 145.865 146.164 146.264 146.164 145.865 145.369 144.679 143.799 142.736 141.495 140.085 138.512 136.788 134.92 132.919 130.794 128.556 126.215 123.78 121.261 118.666 116.005 113.286 110.517 107.704 104.855 101.976 99.072 96.1491 93.2116 90.2639 87.3097 84.3526 81.3954 78.4409 75.4914 72.5487 69.6146 66.6906 63.7776 60.8767 57.9885 55.1136 52.2522 49.4045 46.5705 43.7501 40.9429 38.1488 35.3671 32.5973 29.8388 27.0908 24.3527 21.6235 18.9024 16.1885 13.4808 10.7783 8.08003 5.38492 2.69193 0 
0 2.77457 5.55031 8.32838 11.1099 13.8961 16.6879 19.4866 22.2932 25.1087 27.9341 30.7703 33.6183 36.4788 39.3526 42.2403 45.1426 48.06 50.9927 53.9411 56.9053 59.8852 62.8806 65.8912 68.9163 71.9552 75.0068 78.0698 81.1426 84.2233 87.3096 90.3989 93.4883 96.5742 99.6528 102.72 105.77 108.798 111.799 114.764 117.689 120.563 123.38 126.131 128.805 131.394 133.886 136.271 138.537 140.674 142.671 144.516 146.2 147.711 149.042 150.182 151.126 151.866 152.399 152.72 152.827 152.72 152.399 151.867 151.126 150.182 149.042 147.711 146.2 144.517 142.671 140.674 138.537 136.271 133.886 131.394 128.805 126.131 123.381 120.563 117.689 114.764 111.799 108.798 105.77 102.72 99.6529 96.5743 93.4884 90.3991 87.3097 84.2234 81.1427 78.0699 75.0069 71.9553 68.9164 65.8913 62.8807 59.8853 56.9054 53.9412 50.9928 48.0601 45.1428 42.2405 39.3527 36.4789 33.6184 30.7704 27.9342 25.1088 22.2933 19.4867 16.688 13.8961 11.11 8.32841 5.55033 2.77458 0 
0 2.85607 5.7134 8.57327 11.4369 14.3056 17.1806 20.063 22.9541 25.8549 28.7667 31.6903 34.6269 37.5774 40.5426 43.5233 46.5203 49.5342 52.5654 55.6144 58.6813 61.7664 64.8695 67.9903 71.1284 74.2832 77.4536 80.6386 83.8365 87.0457 90.2638 93.4883 96.7162 99.9442 103.168 106.384 109.586 112.77 115.928 119.054 122.14 125.179 128.161 131.076 133.915 136.667 139.319 141.86 144.278 146.56 148.694 150.668 152.47 154.088 155.513 156.735 157.747 158.541 159.112 159.456 159.571 159.456 159.112 158.541 157.747 156.735 155.513 154.088 152.47 150.668 148.694 146.56 144.278 141.86 139.319 136.667 133.915 131.076 128.161 125.179 122.14 119.054 115.928 112.77 109.586 106.384 103.168 99.9443 96.7164 93.4884 90.2639 87.0458 83.8367 80.6387 77.4538 74.2833 71.1286 67.9904 64.8696 61.7665 58.6815 55.6145 52.5655 49.5343 46.5204 43.5234 40.5427 37.5775 34.627 31.6904 28.7668 25.855 22.9542 20.0631 17.1807 14.3057 11.437 8.5733 5.71342 2.85608 0 
0 2.93629 5.87395 8.81438 11.7589 14.709 17.6658 20.6308 23.6052 26.5903 29.5873 32.5974 35.6216 38.6612 41.717 44.79 47.8811 50.991 54.1204 57.2697 60.4393 63.6296 66.8406 70.0721 73.3239 76.5955 79.886 83.1944 86.5193 89.859 93.2115 96.5742 99.9442 103.318 106.692 110.062 113.421 116.766 120.089 123.382 126.639 129.85 133.006 136.096 139.109 142.033 144.856 147.563 150.141 152.577 154.856 156.965 158.891 160.621 162.145 163.451 164.532 165.381 165.991 166.359 166.482 166.359 165.991 165.381 164.532 163.451 162.145 160.621 158.891 156.965 154.856 152.577 150.141 147.563 144.856 142.033 139.109 136.096 133.006 129.85 126.639 123.382 120.089 116.766 113.421 110.062 106.692 103.318 99.9443 96.5743 93.2116 89.8591 86.5194 83.1945 79.8861 76.5956 73.3241 70.0723 66.8407 63.6297 60.4395 57.2698 54.1205 50.9912 47.8813 44.7902 41.7171 38.6613 35.6217 32.5975 29.5874 26.5904 23.6053 20.6309 17.6659 14.709 11.759 8.81441 5.87397 2.9363 0 
0 3.01513 6.03175 9.05136 12.0754 15.1055 18.1429 21.1891 24.2456 27.3137 30.3948 33.4902 36.6011 39.7287 42.8743 46.0387 49.2232 52.4284 55.6553 58.9046 62.1767 65.4721 68.7911 72.1337 75.4997 78.8888 82.3005 85.7337 89.1873 92.6597 96.1489 99.6528 103.168 106.692 110.22 113.749 117.272 120.784 124.278 127.747 131.183 134.575 137.914 141.188 144.385 147.492 150.493 153.375 156.122 158.719 161.149 163.397 165.45 167.295 168.918 170.309 171.46 172.363 173.011 173.402 173.533 173.402 173.011 172.363 171.46 170.309 168.918 167.295 165.45 163.397 161.149 158.719 156.122 153.375 150.493 147.492 144.385 141.188 137.914 134.575 131.183 127.747 124.278 120.784 117.272 113.749 110.221 106.692 103.168 99.6528 96.1491 92.6598 89.1874 85.7338 82.3006 78.889 75.4998 72.1338 68.7912 65.4723 62.1768 58.9047 55.6555 52.4286 49.2233 46.0389 42.8744 39.7288 36.6012 33.4903 30.3949 27.3138 24.2457 21.1892 18.1429 15.1055 12.0755 9.05139 6.03177 3.01514 0 
0 3.09247 6.18656 9.28387 12.386 15.4946 18.6111 21.7372 24.8744 28.0242 31.1881 34.3675 37.5638 40.7784 44.0125 47.2675 50.5443 53.8442 57.168 60.5166 63.8908 67.2911 70.718 74.1718 77.6524 81.1597 84.6933 88.2526 91.8364 95.4434 99.0719 102.72 106.384 110.062 113.749 117.441 121.133 124.819 128.492 132.144 135.767 139.349 142.881 146.349 149.739 153.037 156.226 159.29 162.211 164.972 167.555 169.944 172.124 174.08 175.799 177.272 178.488 179.442 180.126 180.539 180.676 180.539 180.126 179.442 178.488 177.272 175.799 174.08 172.124 169.944 167.555 164.972 162.211 159.29 156.226 153.037 149.739 146.349 142.881 139.35 135.767 132.144 128.492 124.819 121.133 117.441 113.749 110.062 106.384 102.72 99.072 95.4435 91.8365 88.2527 84.6935 81.1598 77.6525 74.1719 70.7182 67.2913 63.8909 60.5168 57.1681 53.8443 50.5445 47.2676 44.0127 40.7785 37.5639 34.3676 31.1882 28.0243 24.8745 21.7373 18.6112 15.4946 12.386 9.2839 6.18658 3.09248 0 
0 3.16821 6.33815 9.51155 12.6902 15.8757 19.0698 22.2742 25.4906 28.7206 31.9658 35.2279 38.5083 41.8085 45.13 48.4743 51.8425 55.236 58.6558 62.1031 65.5788 69.0835 72.6181 76.183 79.7783 83.4043 87.0606 90.7469 94.4623 98.2057 101.976 105.77 109.586 113.421 117.272 121.133 125 128.867 132.726 136.569 140.387 144.168 147.901 151.571 155.163 158.659 162.041 165.291 168.388 171.313 174.046 176.571 178.87 180.929 182.736 184.281 185.554 186.55 187.265 187.695 187.839 187.695 187.265 186.55 185.554 184.281 182.736 180.929 178.87 176.571 174.046 171.313 168.388 165.291 162.041 158.659 155.163 151.571 147.901 144.168 140.387 136.569 132.726 128.867 125 121.133 117.272 113.421 109.586 105.77 101.976 98.2058 94.4624 90.747 87.0607 83.4044 79.7784 76.1831 72.6182 69.0837 65.5789 62.1032 58.656 55.2361 51.8426 48.4744 45.1302 41.8086 38.5084 35.228 31.9659 28.7207 25.4907 22.2743 19.0698 15.8757 12.6902 9.51159 6.33817 3.16822 0 
0 3.24221 6.48627 9.73405 12.9874 16.2482 19.5182 22.7992 26.0932 29.4018 32.7267 36.0699 39.4329 42.8173 46.2249 49.6571 53.1155 56.6014 60.1162 63.6613 67.2376 70.8462 74.488 78.1636 81.8737 85.6185 89.398 93.2121 97.0603 100.942 104.855 108.798 112.77 116.766 120.784 124.819 128.867 132.92 136.972 141.014 145.035 149.024 152.966 156.845 160.644 164.342 167.92 171.354 174.623 177.704 180.578 183.225 185.629 187.775 189.653 191.253 192.568 193.596 194.331 194.773 194.92 194.773 194.331 193.596 192.568 191.253 189.653 187.775 185.629 183.225 180.578 177.704 174.623 171.354 167.92 164.342 160.644 156.845 152.966 149.024 145.035 141.014 136.972 132.92 128.867 124.819 120.784 116.766 112.77 108.798 104.855 100.942 97.0604 93.2122 89.3981 85.6186 81.8738 78.1637 74.4881 70.8463 67.2377 63.6614 60.1164 56.6015 53.1156 49.6572 46.225 42.8174 39.433 36.07 32.7268 29.4018 26.0932 22.7993 19.5182 16.2482 12.9874 9.73408 6.48629 3.24222 0 
0 3.31434 6.63068 9.95098 13.2772 16.6114 19.9555 23.3114 26.6811 30.0665 33.4695 36.8921 40.336 43.803 47.295 50.8137 54.3608 57.9379 61.5465 65.1881 68.8641 72.5756 76.3239 80.1099 83.9343 87.7979 91.7008 95.6433 99.625 103.646 107.704 111.799 115.928 120.089 124.278 128.492 132.726 136.972 141.224 145.471 149.703 153.905 158.062 162.155 166.163 170.064 173.832 177.443 180.871 184.093 187.087 189.834 192.318 194.526 196.45 198.082 199.419 200.46 201.203 201.649 201.797 201.649 201.203 200.46 199.419 198.082 196.45 194.526 192.318 189.834 187.087 184.093 180.871 177.443 173.832 170.064 166.164 162.155 158.062 153.905 149.703 145.471 141.224 136.972 132.726 128.492 124.278 120.089 115.928 111.799 107.704 103.646 99.6251 95.6433 91.7009 87.7979 83.9344 80.11 76.324 72.5757 68.8642 65.1882 61.5466 57.938 54.3609 50.8139 47.2951 43.8031 40.3361 36.8922 33.4696 30.0666 26.6812 23.3115 19.9555 16.6115 13.2773 9.95101 6.6307 3.31436 0 
0 3.3845 6.77111 10.162 13.5591 16.9648 20.3809 23.8098 27.2533 30.7136 34.1928 37.6929 41.2159 44.7638 48.3385 51.942 55.5762 59.2429 62.9438 66.6806 70.455 74.2684 78.1222 82.0177 85.9559 89.9378 93.9641 98.0351 102.151 106.312 110.516 114.764 119.054 123.382 127.747 132.144 136.569 141.014 145.471 149.93 154.378 158.799 163.174 167.481 171.696 175.791 179.738 183.509 187.075 190.412 193.496 196.31 198.84 201.075 203.011 204.645 205.977 207.009 207.744 208.184 208.33 208.184 207.744 207.009 205.977 204.645 203.011 201.076 198.84 196.31 193.496 190.412 187.075 183.509 179.738 175.791 171.696 167.481 163.174 158.799 154.378 149.93 145.471 141.014 136.569 132.144 127.747 123.382 119.054 114.764 110.517 106.312 102.151 98.0352 93.9642 89.9379 85.956 82.0178 78.1223 74.2685 70.4551 66.6807 62.9439 59.243 55.5763 51.9421 48.3386 44.7639 41.216 37.693 34.1929 30.7137 27.2534 23.8098 20.381 16.9648 13.5592 10.162 6.77113 3.38451 0 
0 3.45254 6.90732 10.3666 13.8326 17.3076 20.7938 24.2934 27.8087 31.3419 34.8952 38.4708 42.0709 45.6977 49.3532 53.0397 56.7591 60.5136 64.3051 68.1356 72.0068 75.9207 79.8788 83.8827 87.9338 92.0335 96.1826 100.382 104.632 108.934 113.286 117.689 122.14 126.639 131.183 135.767 140.387 145.035 149.703 154.378 159.046 163.687 168.279 172.795 177.207 181.482 185.588 189.491 193.164 196.578 199.712 202.55 205.082 207.302 209.211 210.811 212.107 213.106 213.814 214.236 214.377 214.236 213.814 213.106 212.107 210.811 209.211 207.302 205.082 202.55 199.712 196.578 193.164 189.491 185.588 181.482 177.207 172.795 168.279 163.687 159.046 154.378 149.703 145.035 140.387 135.767 131.183 126.639 122.14 117.689 113.286 108.934 104.632 100.382 96.1827 92.0335 87.9339 83.8828 79.8789 75.9208 72.0069 68.1357 64.3052 60.5137 56.7592 53.0398 49.3533 45.6978 42.071 38.4709 34.8953 31.342 27.8088 24.2935 20.7938 17.3076 13.8326 10.3666 6.90734 3.45255 0 
0 3.51833 7.03904 10.5645 14.0971 17.6392 21.1932 24.7614 28.3462 31.9501 35.5753 39.2243 42.8993 46.6028 50.337 54.1043 57.907 61.7473 65.6275 69.5497 73.5161 77.5287 81.5896 85.7005 89.8633 94.0796 98.3508 102.678 107.062 111.505 116.005 120.563 125.179 129.85 134.575 139.349 144.168 149.024 153.905 158.799 163.687 168.546 173.349 178.063 182.655 187.086 191.32 195.32 199.055 202.499 205.634 208.445 210.93 213.088 214.926 216.453 217.681 218.621 219.284 219.679 219.81 219.679 219.284 218.621 217.681 216.453 214.926 213.088 210.93 208.445 205.634 202.499 199.055 195.32 191.32 187.086 182.655 178.063 173.349 168.546 163.687 158.799 153.905 149.024 144.168 139.35 134.575 129.85 125.179 120.563 116.005 111.505 107.063 102.678 98.3508 94.0797 89.8634 85.7006 81.5897 77.5288 73.5162 69.5498 65.6276 61.7474 57.9071 54.1044 50.3371 46.6029 42.8994 39.2244 35.5754 31.9502 28.3463 24.7615 21.1932 17.6392 14.0971 10.5645 7.03906 3.51834 0 
0 3.58175 7.16601 10.7553 14.3521 17.9589 21.5783 25.2127 28.8648 32.5369 36.2317 39.9516 43.6993 47.4771 51.2877 55.1336 59.0172 62.9412 66.9078 70.9197 74.9791 79.0886 83.2503 87.4665 91.7393 96.0708 100.463 104.917 109.435 114.018 118.666 123.38 128.161 133.006 137.914 142.881 147.901 152.966 158.062 163.174 168.279 173.349 178.35 183.244 187.991 192.545 196.867 200.917 204.664 208.084 211.162 213.892 216.276 218.324 220.048 221.467 222.597 223.455 224.057 224.414 224.532 224.414 224.057 223.455 222.597 221.467 220.048 218.324 216.276 213.892 211.162 208.084 204.664 200.917 196.867 192.545 187.991 183.244 178.35 173.349 168.279 163.174 158.062 152.966 147.901 142.881 137.914 133.006 128.161 123.381 118.666 114.018 109.435 104.917 100.463 96.0709 91.7394 87.4665 83.2503 79.0886 74.9792 70.9198 66.9079 62.9412 59.0173 55.1337 51.2878 47.4772 43.6994 39.9517 36.2318 32.537 28.8648 25.2128 21.5783 17.959 14.3521 10.7553 7.16603 3.58176 0 
